version https://git-lfs.github.com/spec/v1
oid sha256:af0595024d4dc9d2a03b15b4665a6ca03ceca29f98159d8cf8e63854c9b79993
size 10022
